Date,PCR,PCR Positive,PCR Negative,PCR Today,RDT,RDT Today,created_at,updated_at
2020-07-07,261861,16168,245693,6123,312402,1822,2020-07-07 16:19:16,2020-07-07 16:19:16
2020-07-08,266457,16423,250034,4696,312402,1822,2020-07-08 16:23:00,2020-07-08 16:23:00
2020-07-09,271145,16531,254614,4588,312402,1822,2020-07-09 16:22:32,2020-07-09 16:22:32
2020-07-10,275951,16649,259302,4806,312402,1822,2020-07-10 16:23:07,2020-07-10 16:23:07
2020-07-11,279599,16719,262880,3648,312402,1822,2020-07-11 16:19:39,2020-07-11 16:19:39
2020-07-12,283515,16801,266714,3916,312402,1822,2020-07-12 16:20:18,2020-07-12 16:20:18
2020-07-13,289371,16945,272426,5856,312402,1822,2020-07-13 16:20:44,2020-07-13 16:20:44
2020-07-14,293739,17061,276678,4361,312402,1822,2020-07-14 16:20:44,2020-07-14 16:20:44
2020-07-15,298829,17177,281652,5090,312402,1822,2020-07-15 16:26:03,2020-07-15 16:26:03
2020-07-16,303810,17344,286466,4981,312402,1822,2020-07-16 16:25:35,2020-07-16 16:25:35
2020-07-17,308498,17445,291053,4688,312402,1822,2020-07-17 16:28:52,2020-07-17 16:28:52
2020-07-18,311829,17502,294327,3331,312402,1822,2020-07-18 16:27:25,2020-07-18 16:27:25
2020-07-19,315570,17658,297912,3741,312402,1822,2020-07-19 16:24:56,2020-07-19 16:24:56
2020-07-20,319872,17844,302028,4216,312402,1822,2020-07-20 16:25:33,2020-07-20 16:25:33
2020-07-21,323835,17994,305841,3963,312402,1822,2020-07-21 16:21:18,2020-07-21 16:21:18
2020-07-22,327614,18094,309520,3779,312402,1822,2020-07-22 16:21:44,2020-07-22 16:21:44
2020-07-23,331095,18241,312854,3481,312402,1822,2020-07-23 16:22:21,2020-07-23 16:22:21
2020-07-24,335082,18374,316708,3987,312402,1822,2020-07-24 16:19:17,2020-07-24 16:19:17
2020-07-25,339157,18483,320674,4075,312402,1822,2020-07-25 16:22:24,2020-07-25 16:22:24
2020-07-26,342457,18613,320674,3300,312402,1822,2020-07-26 16:19:17,2020-07-26 16:19:17
2020-07-27,347275,18752,320674,4818,312402,1822,2020-07-27 16:18:52,2020-07-27 16:18:52
2020-07-28,352307,19063,333244,5032,312402,1822,2020-07-28 16:48:30,2020-07-28 16:48:30
2020-07-29,358344,19273,339071,6037,312402,1822,2020-07-29 16:22:58,2020-07-29 16:22:58
2020-07-30,364648,19547,345101,6304,312402,1822,2020-07-30 16:55:57,2020-07-30 16:55:57
2020-07-31,375416,19771,355645,10768,312402,1822,2020-07-31 16:26:43,2020-07-31 16:26:43
2020-08-01,382409,20086,362323,6993,312402,1822,2020-08-01 18:27:58,2020-08-01 18:27:58
2020-08-02,391270,20332,370938,8861,312402,1822,2020-08-02 16:27:05,2020-08-02 16:27:05
2020-08-03,398907,20750,378157,7637,312402,1822,2020-08-03 16:20:57,2020-08-03 16:20:57
2020-08-04,406594,21009,385585,7687,312402,1822,2020-08-04 17:13:20,2020-08-04 17:13:20
2020-08-05,412953,21390,391563,6359,312402,1822,2020-08-05 16:22:52,2020-08-05 16:22:52
2020-08-06,419575,21750,397825,6622,312402,1822,2020-08-06 16:23:34,2020-08-06 16:23:34
2020-08-07,427501,22214,405287,7926,312402,1822,2020-08-07 16:21:16,2020-08-07 16:21:16
2020-08-08,435289,22592,412697,7788,312402,1822,2020-08-08 16:18:43,2020-08-08 16:18:43
2020-08-09,443804,22972,420832,8515,312402,1822,2020-08-09 16:20:16,2020-08-09 16:20:16
2020-08-10,452236,23310,428926,8432,312402,1822,2020-08-10 16:20:14,2020-08-10 16:20:14
2020-08-11,462698,23948,438750,10462,312402,1822,2020-08-11 16:28:46,2020-08-11 16:28:46
2020-08-12,473179,24432,448747,10481,312402,1822,2020-08-12 16:40:10,2020-08-12 16:40:10
2020-08-13,483038,24957,458081,9859,312402,1822,2020-08-13 16:27:53,2020-08-13 16:27:53
2020-08-14,494613,25551,469062,11575,312402,1822,2020-08-14 20:14:10,2020-08-14 20:14:10
2020-08-15,505660,26019,479641,11047,312402,1822,2020-08-15 16:40:35,2020-08-15 16:40:35
2020-08-16,517907,26660,491247,12247,312402,1822,2020-08-16 16:20:14,2020-08-16 16:20:14
2020-08-17,529427,27241,502186,11520,312402,1822,2020-08-17 16:22:12,2020-08-17 16:22:12
2020-08-18,542866,28257,514609,13461,312402,1822,2020-08-18 16:21:18,2020-08-18 16:21:18
2020-08-19,554388,28938,525450,11522,312402,1822,2020-08-19 16:21:03,2020-08-19 16:21:03
2020-08-20,566220,29645,536575,11832,312402,1822,2020-08-20 16:21:02,2020-08-20 16:21:02
2020-08-21,579899,30483,549416,13679,312402,1822,2020-08-21 16:19:41,2020-08-21 16:19:41
2020-08-22,592418,31117,561301,12519,312402,1822,2020-08-22 16:19:20,2020-08-22 16:19:20
2020-08-23,600444,31935,568509,8026,312402,1822,2020-08-23 16:21:06,2020-08-23 16:21:06
2020-08-24,610469,32678,577791,10234,312402,1822,2020-08-24 16:19:40,2020-08-24 16:19:40
2020-08-25,621999,33533,588466,11321,312402,1822,2020-08-25 18:27:00,2020-08-25 18:27:00
2020-08-26,635252,34418,600834,13253,312402,1822,2020-08-26 16:28:48,2020-08-26 16:28:48
2020-08-27,647881,35529,612352,12629,312402,1822,2020-08-27 16:23:16,2020-08-27 16:23:16
2020-08-28,658110,36456,621654,10229,312402,1822,2020-08-28 16:28:16,2020-08-28 16:28:16
2020-08-29,669626,37340,632286,11516,312402,1822,2020-08-29 16:42:46,2020-08-29 16:42:46
2020-08-30,682343,38561,643782,12717,312402,1822,2020-08-30 16:25:58,2020-08-30 16:25:58
2020-08-31,693472,39460,654012,11129,312402,1822,2020-08-31 16:21:51,2020-08-31 16:21:51
2020-09-01,705560,40529,665031,12088,312402,1822,2020-09-01 16:20:09,2020-09-01 16:20:09
2020-09-02,718439,41649,676790,12879,312402,1822,2020-09-02 16:22:12,2020-09-02 16:22:12
2020-09-03,731852,42877,688975,13413,312402,1822,2020-09-03 16:21:30,2020-09-03 16:21:30
2020-09-04,745490,44236,701254,13638,312402,1822,2020-09-04 16:23:18,2020-09-04 16:23:18
2020-09-05,757963,45277,712686,12473,312402,1822,2020-09-05 16:20:07,2020-09-05 16:20:07
2020-09-06,768345,46257,722088,10382,312402,1822,2020-09-06 16:22:17,2020-09-06 16:22:17
2020-09-07,777563,47236,730327,9218,312402,1822,2020-09-07 16:22:32,2020-09-07 16:22:32
2020-09-08,788174,48138,740036,10611,312402,1822,2020-09-08 16:17:51,2020-09-08 16:17:51
2020-09-09,799341,49219,750122,11167,312402,1822,2020-09-09 16:18:39,2020-09-09 16:18:39
2020-09-10,810485,50465,760020,11114,312402,1822,2020-09-10 16:19:35,2020-09-10 16:19:35
2020-09-11,821186,51919,769267,10701,312402,1822,2020-09-11 16:22:20,2020-09-11 16:22:20
2020-09-12,831362,53120,778242,10176,312402,1822,2020-09-12 18:20:50,2020-09-12 18:20:50
2020-09-13,840527,54159,786368,9165,312402,1822,2020-09-13 16:21:15,2020-09-13 16:21:15
2020-09-14,851405,55329,796076,10878,312402,1822,2020-09-14 16:19:03,2020-09-14 16:19:03
2020-09-15,861780,56788,804992,10375,312402,1822,2020-09-15 16:21:31,2020-09-15 16:21:31
2020-09-16,872274,58327,804992,10494,312402,1822,2020-09-16 16:19:38,2020-09-16 16:19:38
2020-09-17,882915,59573,823342,10641,312402,1822,2020-09-17 16:19:42,2020-09-17 16:19:42
2020-09-18,894373,61593,832780,11458,312402,1822,2020-09-18 16:18:53,2020-09-18 16:18:53
2020-09-19,904706,62797,841909,10333,312402,1822,2020-09-19 16:21:37,2020-09-19 16:21:37
2020-09-20,914290,64122,850168,9584,312402,1822,2020-09-20 16:18:48,2020-09-20 16:18:48
2020-09-21,923823,65276,858547,9533,312402,1822,2020-09-21 16:17:25,2020-09-21 16:17:25
2020-09-22,934977,66632,868345,11154,312402,1822,2020-09-22 16:20:11,2020-09-22 16:20:11
2020-09-23,944474,67804,876670,9497,312402,1822,2020-09-23 16:18:43,2020-09-23 16:18:43
2020-09-24,955923,69301,886622,11449,312402,1822,2020-09-24 16:19:30,2020-09-24 16:19:30
2020-09-25,968185,70614,897571,12262,312402,1822,2020-09-25 16:19:13,2020-09-25 16:19:13
2020-09-26,978204,71821,906383,10019,312402,1822,2020-09-26 16:17:44,2020-09-26 16:17:44
2020-09-27,988327,73394,914933,10123,312402,1822,2020-09-27 16:19:28,2020-09-27 16:19:28
2020-09-28,998407,74745,923662,10080,312402,1822,2020-09-28 16:20:53,2020-09-28 16:20:53
2020-09-29,1009298,76258,933040,10707,312402,1822,2020-09-29 16:18:32,2020-09-29 16:18:32
2020-09-30,1021503,77817,943686,12205,312402,1822,2020-09-30 16:19:16,2020-09-30 16:19:16
2020-10-01,1033947,79728,954219,12444,312402,1822,2020-10-01 16:18:11,2020-10-01 16:18:11
2020-10-02,1048686,82450,966236,14739,312402,1822,2020-10-02 16:18:54,2020-10-02 16:18:54
2020-10-03,1061664,84570,977094,12978,312402,1822,2020-10-03 16:17:58,2020-10-03 16:17:58
2020-10-04,1074448,86823,987625,12784,312402,1822,2020-10-04 16:20:49,2020-10-04 16:20:49
2020-10-05,1088229,89263,998966,13781,312402,1822,2020-10-05 16:18:33,2020-10-05 16:18:33
2020-10-06,1099276,90814,1008462,11047,312402,1822,2020-10-06 16:20:57,2020-10-06 16:20:57
2020-10-07,1113486,94253,1019233,14209,312402,1822,2020-10-07 16:22:23,2020-10-07 16:22:23
2020-10-08,1131958,98617,1033341,18473,312402,1822,2020-10-08 16:19:13,2020-10-08 16:19:13
2020-10-09,1145237,100676,1044561,13279,312402,1822,2020-10-09 16:21:41,2020-10-09 16:21:41
2020-10-10,1164557,105684,1058873,19320,312402,1822,2020-10-10 16:21:25,2020-10-10 16:21:25
2020-10-11,1176984,107755,1069229,12427,312402,1822,2020-10-11 16:22:52,2020-10-11 16:22:52
2020-10-12,1191514,111802,1079712,14530,312402,1822,2020-10-12 16:21:31,2020-10-12 16:21:31
2020-10-13,1207091,115358,1091733,15577,312402,1822,2020-10-13 16:21:11,2020-10-13 16:21:11
2020-10-14,1221038,117996,1103072,13947,312402,1822,2020-10-14 16:23:05,2020-10-14 16:23:05
2020-10-15,1237636,121745,1115891,16598,312402,1822,2020-10-15 16:20:00,2020-10-15 16:20:00
2020-10-16,1254167,126137,1128030,16531,312402,1822,2020-10-16 16:23:47,2020-10-16 16:23:47
2020-10-17,1269605,129304,1140301,15438,312402,1822,2020-10-17 16:19:34,2020-10-17 16:19:34
2020-10-18,1283354,132246,1151108,14875,312402,1822,2020-10-18 16:25:03,2020-10-18 16:25:03
2020-10-19,1300918,136036,1164882,15714,312402,1822,2020-10-19 16:23:21,2020-10-19 16:23:21
2020-10-20,1314779,139129,1175650,13861,312402,1822,2020-10-20 16:36:18,2020-10-20 16:36:18
2020-10-21,1334897,144872,1190025,20118,312402,1822,2020-10-21 16:26:17,2020-10-21 16:26:17
2020-10-22,1350152,148509,1201643,15255,312402,1822,2020-10-22 16:24:22,2020-10-22 16:24:22
2020-10-23,1367016,153008,1214008,16863,312402,1822,2020-10-23 16:15:15,2020-10-23 16:15:15
2020-10-24,1380862,155233,1225629,13846,312402,1822,2020-10-24 16:09:24,2020-10-24 16:09:24
2020-10-25,1393173,158089,1235084,12311,312402,1822,2020-10-25 16:11:33,2020-10-25 16:11:33
2020-10-26,1398179,159830,1238349,5006,312402,1822,2020-10-26 18:19:25,2020-10-26 18:19:25
2020-10-27,1400694,160400,1240292,2725,312402,1822,2020-10-27 16:07:56,2020-10-27 16:07:56
2020-10-28,1409295,162354,1246941,8248,312402,1822,2020-10-28 16:19:31,2020-10-28 16:19:31
2020-10-29,1419064,164718,1246941,9769,312402,1822,2020-10-29 16:17:15,2020-10-29 16:17:15
2020-10-30,1434053,168235,1265818,14989,312402,1822,2020-10-30 16:08:42,2020-10-30 16:08:42
2020-10-31,1443343,170743,1273200,9279,312402,1822,2020-10-31 15:59:34,2020-10-31 15:59:34
2020-11-01,1456366,173567,1282799,13023,312402,1822,2020-11-01 16:25:49,2020-11-01 16:25:49
2020-11-02,1469812,176500,1293312,13446,312402,1822,2020-11-02 17:05:08,2020-11-02 17:05:08
2020-11-03,1480978,179614,1301364,11166,312402,1822,2020-11-03 17:07:45,2020-11-03 17:07:45
2020-11-04,1494122,182923,1311199,13144,312402,1822,2020-11-04 16:21:45,2020-11-04 16:21:45
2020-11-05,1507190,185974,1321216,13068,312402,1822,2020-11-05 16:30:33,2020-11-05 16:30:33
2020-11-06,1517343,188883,1328459,10153,312402,1822,2020-11-06 16:40:53,2020-11-06 16:40:53
2020-11-07,1527766,191636,1336130,10423,312402,1822,2020-11-07 16:18:54,2020-11-07 16:18:54
2020-11-08,1540077,194453,1345624,12311,312402,1822,2020-11-08 16:20:08,2020-11-08 16:20:08
2020-11-09,1551254,197024,1354230,11177,312402,1822,2020-11-09 16:12:21,2020-11-09 16:12:21
2020-11-10,1564214,199760,1364454,12960,312402,1822,2020-11-10 16:16:36,2020-11-10 16:16:36
2020-11-11,1574295,202329,1371966,10081,312402,1822,2020-11-11 16:22:37,2020-11-11 16:22:37
2020-11-12,1584317,204242,1380075,10022,312402,1822,2020-11-12 16:16:11,2020-11-12 16:16:11
2020-11-13,1593850,206353,1380075,9533,312402,1822,2020-11-13 16:15:04,2020-11-13 16:15:04
2020-11-14,1602603,208299,1394304,8753,312402,1822,2020-11-14 16:14:00,2020-11-14 16:14:00
2020-11-15,1609079,209776,1399303,6476,312402,1822,2020-11-15 16:14:55,2020-11-15 16:14:55
2020-11-16,1613911,210973,1402938,4832,312402,1822,2020-11-16 17:06:36,2020-11-16 17:06:36
2020-11-17,1617023,211475,1405548,3112,312402,1822,2020-11-17 15:55:39,2020-11-17 15:55:39
2020-11-18,1623754,212917,1410837,6731,312402,1822,2020-11-18 16:17:49,2020-11-18 16:17:49
2020-11-19,1633559,215020,1418539,9805,312402,1822,2020-11-19 16:15:38,2020-11-19 16:15:38
2020-11-20,1643899,216965,1426935,10340,312402,1822,2020-11-20 16:01:56,2020-11-20 16:01:56
2020-11-21,1652043,218639,1433404,8144,312402,1822,2020-11-21 15:55:15,2020-11-21 15:55:15
2020-11-22,1660075,220308,1439767,8032,312402,1822,2020-11-22 16:15:45,2020-11-22 16:15:45
2020-11-23,1670456,222288,1448168,10381,312402,1822,2020-11-23 16:09:18,2020-11-23 16:09:18
2020-11-24,1681299,224078,1457221,10843,312402,1822,2020-11-24 16:08:12,2020-11-24 16:08:12
2020-11-25,1690509,226026,1464483,9210,312402,1822,2020-11-25 16:17:23,2020-11-25 16:17:23
2020-11-26,1700000,227640,1472360,9491,312402,1822,2020-11-26 16:16:24,2020-11-26 16:16:24
2020-11-27,1710460,229343,1481117,10460,312402,1822,2020-11-27 16:17:43,2020-11-27 16:17:43
2020-11-28,1719828,230723,1489105,9368,312402,1822,2020-11-28 16:16:10,2020-11-28 16:16:10
2020-11-29,1727836,231978,1495858,8008,312402,1822,2020-11-29 16:24:15,2020-11-29 16:24:15
2020-11-30,1737747,233452,1504295,9911,312402,1822,2020-11-30 16:26:36,2020-11-30 16:26:36
2020-12-01,1746330,233452,1511574,8583,312402,1822,2020-12-01 15:58:34,2020-12-01 15:58:34
2020-12-02,1754630,236246,1518384,8300,312402,1822,2020-12-02 16:17:29,2020-12-02 16:17:29
2020-12-03,1763919,237589,1526330,8300,312402,1822,2020-12-03 16:01:51,2020-12-03 16:01:51
2020-12-04,1771950,238861,1533089,8031,312402,1822,2020-12-04 16:15:57,2020-12-04 16:15:57
2020-12-05,1778024,239885,1538139,6074,312402,1822,2020-12-05 16:17:24,2020-12-05 16:17:24
2020-12-06,1784519,240981,1543538,6495,312402,1822,2020-12-06 16:18:49,2020-12-06 16:18:49
2020-12-07,1790739,241995,1548744,6220,312402,1822,2020-12-07 16:15:19,2020-12-07 16:15:19
2020-12-08,1799686,243377,1556309,8947,312402,1822,2020-12-08 16:16:18,2020-12-08 16:16:18
2020-12-09,1805972,244433,1561539,6286,312402,1822,2020-12-09 16:16:37,2020-12-09 16:16:37
2020-12-10,1813204,245650,1567554,7232,312402,1822,2020-12-10 15:57:51,2020-12-10 15:57:51
2020-12-11,1820618,246694,1573924,7414,312402,1822,2020-12-11 16:01:47,2020-12-11 16:01:47
2020-12-12,1825860,247593,1578267,5242,312402,1822,2020-12-12 16:10:21,2020-12-12 16:10:21
2020-12-13,1831041,248423,1582618,5181,312402,1822,2020-12-13 16:17:47,2020-12-13 16:17:47
2020-12-14,1836464,249244,1587220,5423,312402,1822,2020-12-14 15:52:21,2020-12-14 15:52:21
2020-12-15,1843581,250180,1593401,7117,312402,1822,2020-12-15 16:17:59,2020-12-15 16:17:59
2020-12-16,1849136,250916,1598220,5555,312402,1822,2020-12-16 16:18:47,2020-12-16 16:18:47
2020-12-17,1855724,251692,1604032,6588,312402,1822,2020-12-17 16:21:29,2020-12-17 16:21:29
2020-12-18,1861430,252474,1608956,5706,312402,1822,2020-12-18 15:41:42,2020-12-18 15:41:42
2020-12-19,1866210,253184,1613026,4780,312402,1822,2020-12-19 15:58:59,2020-12-19 15:58:59
2020-12-20,1870830,253772,1617058,4620,312402,1822,2020-12-20 16:18:10,2020-12-20 16:18:10
